0000,1628474700000
0000,1628474701000
0000,1628474702000
0000,1628474703000
0000,1628474704000
0000,1628474705000
0000,1628474706000
0000,1628474707000
0000,1628474708000
0000,1628474709000
0000,1628474710000
0000,1628474711000
0000,1628474712000
0000,1628474713000
0000,1628474714000
0000,1628474715000
0000,1628474716000
0000,1628474717000
0000,1628474718000
0000,1628474719000
0000,1628474720000
0000,1628474721000
0000,1628474722000
0000,1628474723000
0000,1628474731000
0000,1628474741000
0000,1628474761000
0000,1628474771000
0001,1628474742000
0001,1628474752000
0001,1628474753000
0001,1628474743000
0001,1628474751000
0001,1628474752000
0001,1628474763000
0001,1628474773000
0001,1628474764000